
Dealer Up Card 1
Number of Decks: 1
Dealer stands soft 17
Results conditioned on dealer not having blackjack

STANDING
hand	1	2	3	4	5	6	7	8	9	10
1	-0.663142
2	-0.661733	-0.660049
3	-0.661046	-0.659375	-0.660147
4	-0.658817	-0.658711	-0.657966	-0.655759
5	-0.659151	-0.657528	-0.656761	-0.654533	-0.653287
6	-0.482815	-0.63916	-0.638344	-0.636118	-0.634013	-0.617011
7	-0.101015	-0.645558	-0.644759	-0.641782	-0.640619	-0.623767	-0.630502
8	0.289743	-0.651888	-0.650336	-0.648266	-0.647202	-0.630436	-0.637158	-0.643532
9	0.680745	-0.65716	-0.656577	-0.654533	-0.65343	-0.636809	-0.643246	-0.451875	-0.055174
10	1.5	-0.672788	-0.672168	-0.670237	-0.669158	-0.652909	-0.46704	-0.0820202	0.307676	0.650097

HITTING
hand	1	2	3	4	5	6	7	8	9	10
1	-0.0306844
2	-0.0678075	-0.258901
3	-0.100568	-0.291566	-0.333963
4	-0.153931	-0.334901	-0.345048	-0.208972
5	-0.206061	-0.331115	-0.217134	-0.0702152	0.0905611
6	-0.199924	-0.225773	-0.0784948	0.0815061	0.172946	-0.386204
7	-0.108386	-0.0827849	0.0868426	0.171306	-0.376769	-0.443347	-0.494721
8	-0.0172421	0.0864475	0.17092	-0.374915	-0.43303	-0.45339	-0.455656	-0.494905
9	0.0675049	0.169644	-0.374484	-0.383075	-0.441215	-0.495853	-0.495493	-0.544608	-0.624843
10	0.152526	-0.348923	-0.392503	-0.444961	-0.498741	-0.50875	-0.555802	-0.633177	-0.742645	-0.883183

DOUBLING DOWN
hand	1	2	3	4	5	6	7	8	9	10
1	-0.598755
2	-0.593281	-1.3201
3	-0.595803	-1.31875	-1.29818
4	-0.619882	-1.29566	-1.12642	-0.796496
5	-0.656069	-1.12524	-0.793966	-0.395772	0.0551481
6	-0.527213	-0.799096	-0.40133	0.0486143	0.240258	-0.834602
7	-0.357778	-0.402058	0.0401776	0.22204	-0.837457	-0.937179	-1.02934
8	-0.192057	0.0250827	0.205671	-0.846661	-0.930926	-0.941764	-0.928015	-0.989811
9	-0.0406563	0.188935	-0.858218	-0.83802	-0.920605	-1.00837	-0.990987	-1.08922	-1.24969
10	0.145194	-0.81093	-0.859049	-0.931613	-1.0129	-1.0175	-1.1116	-1.26635	-1.48529	-1.76637

APPROXIMATE SPLITTING
RS	No	No	No	Yes	Yes	Yes
DD	No	Any	10&11	No	Any	10&11
1,1	0.223931	0.223931	0.223931	0.261098	0.261098	0.261098
2,2	-0.427834	-0.421366	-0.421366	-0.442163	-0.434745	-0.434745
3,3	-0.471347	-0.462243	-0.462243	-0.481322	-0.471038	-0.471038
4,4	-0.547373	-0.535358	-0.535358	-0.577452	-0.563999	-0.563999
5,5	-0.648455	-0.633159	-0.633159	-0.716092	-0.69904	-0.69904
6,6	-0.637988	-0.621394	-0.621394	-0.658528	-0.639946	-0.639946
7,7	-0.606933	-0.595329	-0.595329	-0.612259	-0.599358	-0.599358
8,8	-0.340318	-0.333718	-0.333718	-0.325738	-0.318543	-0.318543
9,9	-0.0721453	-0.0705437	-0.0705437	-0.0725676	-0.0710758	-0.0710758
10,10	0.0985433	0.0985433	0.0985433	-0.350417	-0.350417	-0.350417

Dealer Up Card 2
Number of Decks: 1
Dealer stands soft 17

STANDING
hand	1	2	3	4	5	6	7	8	9	10
1	-0.274328
2	-0.282715	-0.290803
3	-0.284213	-0.293291	-0.294868
4	-0.283156	-0.290968	-0.292521	-0.290134
5	-0.266381	-0.274155	-0.275744	-0.273342	-0.255916
6	-0.131768	-0.277109	-0.278475	-0.275236	-0.258788	-0.261714
7	0.135802	-0.28023	-0.280806	-0.278424	-0.26207	-0.265046	-0.268309
8	0.401626	-0.282093	-0.283578	-0.281307	-0.264895	-0.2678	-0.272058	-0.274814
9	0.655985	-0.286594	-0.288031	-0.285726	-0.269315	-0.273299	-0.276549	-0.136522	0.137056
10	1.5	-0.310994	-0.312391	-0.310108	-0.294784	-0.297666	-0.15813	0.118876	0.384833	0.627224

HITTING
hand	1	2	3	4	5	6	7	8	9	10
1	0.094776
2	0.0392454	-0.113174
3	0.0169118	-0.131387	-0.152949
4	-0.0116985	-0.150709	-0.122958	-0.0126163
5	-0.0317254	-0.0993691	-0.0165249	0.0933356	0.223861
6	0.00709627	-0.0129974	0.0921474	0.217492	0.284029	-0.252672
7	0.0652465	0.0834867	0.214419	0.272339	-0.252633	-0.331967	-0.406389
8	0.120028	0.213044	0.268216	-0.259827	-0.331283	-0.362617	-0.390379	-0.454094
9	0.190761	0.263585	-0.266256	-0.293009	-0.358927	-0.430258	-0.455975	-0.530172	-0.627498
10	0.247089	-0.243413	-0.304216	-0.368779	-0.43622	-0.465397	-0.538454	-0.632538	-0.749661	-0.846661

DOUBLING DOWN
hand	1	2	3	4	5	6	7	8	9	10
1	-0.0193617
2	-0.0420227	-0.581603
3	-0.0467901	-0.58658	-0.567471
4	-0.0699827	-0.560134	-0.429085	-0.184578
5	-0.08185	-0.401784	-0.167803	0.113505	0.446439
6	0.0133179	-0.162785	0.111871	0.432182	0.567183	-0.505343
7	0.127575	0.1174	0.425975	0.54176	-0.505267	-0.663934	-0.812777
8	0.237191	0.424479	0.533568	-0.519654	-0.662565	-0.725233	-0.780757	-0.908188
9	0.379764	0.524827	-0.532512	-0.586018	-0.717854	-0.860515	-0.911951	-1.06034	-1.255
10	0.486974	-0.486826	-0.608432	-0.737558	-0.872439	-0.930793	-1.07691	-1.26508	-1.49932	-1.69332

APPROXIMATE SPLITTING
RS	No	No	No	Yes	Yes	Yes
DD	No	Any	10&11	No	Any	10&11
1,1	0.565702	0.565702	0.565702	0.638984	0.638984	0.638984
2,2	-0.128398	-0.0393127	-0.0475525	-0.128917	-0.0357662	-0.0445044
3,3	-0.19714	-0.112308	-0.116105	-0.200005	-0.107337	-0.111545
4,4	-0.23594	-0.149759	-0.153659	-0.255684	-0.161573	-0.165878
5,5	-0.231717	-0.156772	-0.162512	-0.271035	-0.210412	-0.216862
6,6	-0.218896	-0.121724	-0.131598	-0.212909	-0.106223	-0.117453
7,7	-0.162584	-0.0728637	-0.079371	-0.152517	-0.0543695	-0.061655
8,8	0.0167251	0.0890852	0.0890852	0.0429981	0.12186	0.12186
9,9	0.170069	0.202472	0.202472	0.172362	0.207567	0.207567
10,10	0.315675	0.315675	0.315675	0.0518971	0.0518971	0.0518971

Dealer Up Card 3
Number of Decks: 1
Dealer stands soft 17

STANDING
hand	1	2	3	4	5	6	7	8	9	10
1	-0.232312
2	-0.241149	-0.250723
3	-0.24015	-0.248452	-0.246186
4	-0.223954	-0.232274	-0.229955	-0.213731
5	-0.220512	-0.228858	-0.22653	-0.209738	-0.206172
6	-0.0932313	-0.231142	-0.227966	-0.212067	-0.208559	-0.211034
7	0.166816	-0.233899	-0.231629	-0.21571	-0.212345	-0.214771	-0.219401
8	0.419872	-0.238252	-0.235978	-0.220209	-0.216701	-0.22021	-0.223854	-0.228354
9	0.644126	-0.264052	-0.261816	-0.24598	-0.243558	-0.245987	-0.2497	-0.120663	0.122552
10	1.5	-0.267868	-0.265649	-0.25087	-0.247379	-0.249876	-0.118943	0.144413	0.383556	0.636133

HITTING
hand	1	2	3	4	5	6	7	8	9	10
1	0.120265
2	0.0705431	-0.0817966
3	0.0439278	-0.0982509	-0.118136
4	0.0221456	-0.107025	-0.0823434	0.0278995
5	-0.00312035	-0.062078	0.0186909	0.140405	0.254052
6	0.0357927	0.0231122	0.138943	0.249751	0.313577	-0.222134
7	0.0934161	0.130824	0.246306	0.304526	-0.221956	-0.30403	-0.388266
8	0.172868	0.241476	0.294991	-0.229756	-0.305573	-0.34697	-0.381277	-0.449932
9	0.196433	0.269338	-0.255712	-0.280362	-0.356045	-0.432277	-0.459006	-0.535486	-0.638281
10	0.270667	-0.219299	-0.283224	-0.355684	-0.429759	-0.461402	-0.536376	-0.633654	-0.712572	-0.846301

DOUBLING DOWN
hand	1	2	3	4	5	6	7	8	9	10
1	0.0548809
2	0.0284119	-0.501444
3	0.0108544	-0.496903	-0.472051
4	0.00262536	-0.445517	-0.323685	-0.0824668
5	-0.0192104	-0.310677	-0.0831561	0.195601	0.509561
6	0.0738945	-0.0782541	0.189257	0.500875	0.629463	-0.444269
7	0.188933	0.1946	0.49214	0.611153	-0.443911	-0.60806	-0.776531
8	0.346046	0.482476	0.590395	-0.459511	-0.611146	-0.693939	-0.762553	-0.899864
9	0.392232	0.538042	-0.511424	-0.560724	-0.712091	-0.864554	-0.918013	-1.07097	-1.27656
10	0.536348	-0.438597	-0.566449	-0.711368	-0.859517	-0.922804	-1.07275	-1.26731	-1.42514	-1.6926

APPROXIMATE SPLITTING
RS	No	No	No	Yes	Yes	Yes
DD	No	Any	10&11	No	Any	10&11
1,1	0.612855	0.612855	0.612855	0.686601	0.686601	0.686601
2,2	-0.0701441	0.0290684	0.0161059	-0.0688825	0.0396478	0.0252375
3,3	-0.127583	-0.0275216	-0.0362049	-0.127567	-0.0231466	-0.0322173
4,4	-0.123036	-0.0158384	-0.0268193	-0.135482	-0.0183145	-0.0304103
5,5	-0.146072	-0.0559218	-0.0680996	-0.180153	-0.106137	-0.119632
6,6	-0.132663	-0.013677	-0.0326962	-0.124344	0.00620974	-0.0150198
7,7	-0.0789588	0.0295198	0.00705022	-0.0652095	0.05394	0.0287607
8,8	0.0817324	0.161814	0.161814	0.109815	0.197192	0.197192
9,9	0.170369	0.211551	0.211551	0.17318	0.217693	0.217693
10,10	0.364448	0.364448	0.364448	0.128528	0.128528	0.128528

Dealer Up Card 4
Number of Decks: 1
Dealer stands soft 17

STANDING
hand	1	2	3	4	5	6	7	8	9	10
1	-0.178249
2	-0.18608	-0.192
3	-0.169927	-0.17585	-0.159691
4	-0.166175	-0.172106	-0.155934	-0.151694
5	-0.163592	-0.169574	-0.152839	-0.14888	-0.146291
6	-0.0366668	-0.171327	-0.155476	-0.151621	-0.149063	-0.151883
7	0.203974	-0.176727	-0.160913	-0.157223	-0.154588	-0.158372	-0.163937
8	0.41549	-0.202468	-0.186682	-0.182858	-0.181302	-0.184079	-0.18959	-0.215266
9	0.653883	-0.207033	-0.191249	-0.188473	-0.185887	-0.188622	-0.194143	-0.0844138	0.166978
10	1.5	-0.211839	-0.19711	-0.193332	-0.190687	-0.193442	-0.0643956	0.164239	0.404114	0.644848

HITTING
hand	1	2	3	4	5	6	7	8	9	10
1	0.142136
2	0.110212	-0.0348423
3	0.0907537	-0.0410189	-0.0474397
4	0.0614442	-0.055247	-0.0165691	0.0978551
5	0.0379754	-0.0103205	0.0866102	0.189607	0.29491
6	0.0772734	0.0810615	0.18602	0.292761	0.351968	-0.190114
7	0.156341	0.167601	0.285178	0.342543	-0.191775	-0.27704	-0.368803
8	0.186536	0.252464	0.312584	-0.214041	-0.291821	-0.337542	-0.380045	-0.461146
9	0.229577	0.300048	-0.225501	-0.254283	-0.335518	-0.419616	-0.452966	-0.54114	-0.597001
10	0.297534	-0.193956	-0.257953	-0.336459	-0.417991	-0.454567	-0.535108	-0.597317	-0.711696	-0.846273

DOUBLING DOWN
hand	1	2	3	4	5	6	7	8	9	10
1	0.13665
2	0.115096	-0.383999
3	0.109143	-0.351701	-0.302168
4	0.0848822	-0.323648	-0.177709	0.0441281
5	0.0625902	-0.194642	0.04109	0.297003	0.589821
6	0.154547	0.0233082	0.289636	0.585522	0.703937	-0.380228
7	0.312682	0.271814	0.570355	0.685085	-0.383551	-0.55408	-0.737606
8	0.373073	0.504927	0.625169	-0.428081	-0.583641	-0.675084	-0.76009	-0.922292
9	0.459155	0.600095	-0.451001	-0.508566	-0.671037	-0.839232	-0.905931	-1.08228	-1.194
10	0.595069	-0.387912	-0.515906	-0.672917	-0.835981	-0.909134	-1.07022	-1.19463	-1.42339	-1.69255

APPROXIMATE SPLITTING
RS	No	No	No	Yes	Yes	Yes
DD	No	Any	10&11	No	Any	10&11
1,1	0.668581	0.668581	0.668581	0.742261	0.742261	0.742261
2,2	0.00318298	0.117501	0.0960224	0.00647214	0.131509	0.10771
3,3	0.00933879	0.13524	0.111297	0.015319	0.152922	0.126567
4,4	-0.0133962	0.122532	0.0965705	-0.0178254	0.124181	0.096987
5,5	-0.03824	0.0703684	0.0494494	-0.0664888	0.0237544	0.00084768
6,6	-0.0275566	0.111605	0.0732568	-0.0150043	0.137589	0.0952067
7,7	0.0162679	0.155107	0.111352	0.0333742	0.185588	0.137249
8,8	0.105595	0.195731	0.195731	0.133695	0.231496	0.231496
9,9	0.252687	0.299234	0.299234	0.259124	0.309488	0.309488
10,10	0.424781	0.424781	0.424781	0.229373	0.229373	0.229373

Dealer Up Card 5
Number of Decks: 1
Dealer stands soft 17

STANDING
hand	1	2	3	4	5	6	7	8	9	10
1	-0.130086
2	-0.118846	-0.107014
3	-0.11602	-0.104257	-0.101456
4	-0.113097	-0.101371	-0.0979931	-0.0948968
5	-0.110737	-0.098373	-0.0954949	-0.092477	-0.0900487
6	0.00466215	-0.103819	-0.100904	-0.0979786	-0.0955452	-0.102166
7	0.222295	-0.130566	-0.127734	-0.124742	-0.123356	-0.128821	-0.155509
8	0.460792	-0.135542	-0.132654	-0.130749	-0.128264	-0.133747	-0.160467	-0.165444
9	0.682074	-0.138632	-0.136834	-0.133859	-0.131352	-0.136855	-0.163594	-0.044394	0.202893
10	1.5	-0.144042	-0.141141	-0.138177	-0.135683	-0.141195	-0.0431477	0.20229	0.447849	0.673675

HITTING
hand	1	2	3	4	5	6	7	8	9	10
1	0.182014
2	0.158731	0.0359443
3	0.136564	0.0215046	0.00831825
4	0.107857	0.00888974	0.0489852	0.153926
5	0.0821124	0.0567682	0.141067	0.246436	0.347346
6	0.140016	0.13063	0.234973	0.338824	0.393653	-0.16236
7	0.174546	0.195514	0.307505	0.361679	-0.177736	-0.269029	-0.370327
8	0.226529	0.295987	0.349535	-0.186621	-0.270015	-0.317192	-0.373119	-0.452874
9	0.268101	0.339824	-0.196612	-0.232059	-0.313835	-0.402035	-0.452057	-0.492582	-0.59031
10	0.331495	-0.163571	-0.235303	-0.314639	-0.399584	-0.444223	-0.492434	-0.590756	-0.70874	-0.845597

DOUBLING DOWN
hand	1	2	3	4	5	6	7	8	9	10
1	0.215727
2	0.212294	-0.214028
3	0.203577	-0.208515	-0.183982
4	0.174984	-0.185537	-0.0613562	0.162314
5	0.148255	-0.0703183	0.154983	0.414994	0.694691
6	0.280032	0.130582	0.391602	0.677648	0.787306	-0.32472
7	0.349093	0.332121	0.61501	0.723357	-0.355472	-0.538057	-0.740653
8	0.453058	0.591973	0.69907	-0.373242	-0.54003	-0.634384	-0.746237	-0.905749
9	0.536202	0.679648	-0.393225	-0.464119	-0.627671	-0.804071	-0.904114	-0.985164	-1.18062
10	0.66299	-0.327141	-0.470607	-0.629277	-0.799167	-0.888447	-0.984868	-1.18151	-1.41748	-1.69119

APPROXIMATE SPLITTING
RS	No	No	No	Yes	Yes	Yes
DD	No	Any	10&11	No	Any	10&11
1,1	0.732161	0.732161	0.732161	0.80732	0.80732	0.80732
2,2	0.127678	0.273309	0.235914	0.13598	0.295307	0.254056
3,3	0.116658	0.276757	0.229402	0.12723	0.30248	0.250273
4,4	0.0947169	0.256441	0.216525	0.0897369	0.263343	0.222788
5,5	0.0681169	0.205292	0.152803	0.0566426	0.183945	0.128906
6,6	0.0677142	0.237513	0.179889	0.0842641	0.270265	0.206909
7,7	0.0387913	0.193212	0.148607	0.0561626	0.224354	0.175619
8,8	0.188016	0.291004	0.291004	0.218867	0.33061	0.33061
9,9	0.339219	0.392303	0.392303	0.35012	0.407593	0.407593
10,10	0.496721	0.496721	0.496721	0.330151	0.330151	0.330151

Dealer Up Card 6
Number of Decks: 1
Dealer stands soft 17

STANDING
hand	1	2	3	4	5	6	7	8	9	10
1	-0.103505
2	-0.114167	-0.124502
3	-0.111568	-0.121915	-0.118893
4	-0.109194	-0.119123	-0.116458	-0.114034
5	-0.107596	-0.1179	-0.115244	-0.112881	-0.111669
6	0.0104345	-0.144181	-0.141538	-0.13919	-0.138999	-0.165187
7	0.262174	-0.148738	-0.146113	-0.144697	-0.143472	-0.169692	-0.174225
8	0.482354	-0.151323	-0.149705	-0.147293	-0.14604	-0.172288	-0.176976	-0.17817
9	0.694187	-0.156395	-0.153745	-0.151345	-0.1501	-0.176502	-0.179634	-0.0114113	0.265195
10	1.5	-0.160379	-0.157773	-0.155349	-0.154176	-0.179023	-0.0112866	0.268101	0.484093	0.697403

HITTING
hand	1	2	3	4	5	6	7	8	9	10
1	0.199607
2	0.168495	0.0320546
3	0.147164	0.0192331	0.0138957
4	0.120257	0.0141129	0.0591916	0.17529
5	0.115918	0.0695964	0.163696	0.263315	0.361822
6	0.133243	0.132139	0.231326	0.331647	0.380696	-0.193568
7	0.19243	0.209711	0.318049	0.365741	-0.178846	-0.280666	-0.366941
8	0.241313	0.307533	0.356117	-0.184088	-0.267603	-0.323254	-0.362116	-0.396692
9	0.279876	0.345816	-0.193794	-0.228134	-0.308744	-0.400876	-0.39721	-0.483777	-0.586713
10	0.341117	-0.159436	-0.228909	-0.308093	-0.387327	-0.396278	-0.483343	-0.586115	-0.706989	-0.845027

DOUBLING DOWN
hand	1	2	3	4	5	6	7	8	9	10
1	0.247914
2	0.23021	-0.249004
3	0.22186	-0.243829	-0.214512
4	0.200721	-0.215035	-0.0568653	0.193184
5	0.216665	-0.0610378	0.189929	0.44331	0.723645
6	0.266486	0.124194	0.379215	0.663295	0.761392	-0.387137
7	0.38486	0.357361	0.636099	0.731481	-0.357692	-0.561333	-0.733882
8	0.482626	0.615067	0.712234	-0.368175	-0.535207	-0.646508	-0.724232	-0.793384
9	0.559752	0.691631	-0.387588	-0.456268	-0.617489	-0.801753	-0.79442	-0.967555	-1.17343
10	0.682234	-0.318872	-0.457819	-0.616186	-0.774654	-0.792555	-0.966686	-1.17223	-1.41398	-1.69005

APPROXIMATE SPLITTING
RS	No	No	No	Yes	Yes	Yes
DD	No	Any	10&11	No	Any	10&11
1,1	0.758276	0.758276	0.758276	0.831635	0.831635	0.831635
2,2	0.118982	0.272414	0.230819	0.12643	0.294389	0.248482
3,3	0.111575	0.274115	0.228062	0.121378	0.29959	0.248582
4,4	0.0834386	0.244334	0.191026	0.0754472	0.247467	0.193028
5,5	0.0558515	0.200283	0.138781	0.0291259	0.151954	0.0843683
6,6	-0.0106512	0.155508	0.108254	-0.00374644	0.169556	0.120255
7,7	0.0530242	0.209924	0.164475	0.0731986	0.244003	0.194366
8,8	0.233716	0.340369	0.340021	0.269794	0.385676	0.385183
9,9	0.359377	0.413268	0.413268	0.366382	0.424717	0.424717
10,10	0.525105	0.525105	0.525105	0.3676	0.3676	0.3676

Dealer Up Card 7
Number of Decks: 1
Dealer stands soft 17

STANDING
hand	1	2	3	4	5	6	7	8	9	10
1	-0.452479
2	-0.461877	-0.471027
3	-0.46021	-0.46891	-0.467213
4	-0.457617	-0.466638	-0.464879	-0.462717
5	-0.467986	-0.477078	-0.475347	-0.473057	-0.484469
6	-0.0896393	-0.481634	-0.479852	-0.478621	-0.488937	-0.493437
7	0.411952	-0.485803	-0.485024	-0.482795	-0.493091	-0.49762	-0.501956
8	0.614504	-0.487638	-0.485835	-0.483611	-0.493922	-0.498604	-0.501385	-0.502514
9	0.773194	-0.493342	-0.491583	-0.489331	-0.499719	-0.502845	-0.507327	-0.122899	0.40106
10	1.5	-0.472817	-0.471067	-0.468887	-0.478497	-0.483324	-0.121287	0.388746	0.610121	0.764677

HITTING
hand	1	2	3	4	5	6	7	8	9	10
1	0.158433
2	0.107343	-0.091753
3	0.0604263	-0.119255	-0.164471
4	0.0337318	-0.163911	-0.0706344	0.110632
5	-0.0237844	-0.0673711	0.092588	0.201306	0.278602
6	0.0596455	0.0918394	0.197716	0.285586	0.297368	-0.264854
7	0.174667	0.183612	0.2772	0.293769	-0.258201	-0.330723	-0.389227
8	0.221936	0.267639	0.291794	-0.245545	-0.327475	-0.348533	-0.324114	-0.373561
9	0.242711	0.288889	-0.247104	-0.274092	-0.348015	-0.363208	-0.374945	-0.448819	-0.566049
10	0.285776	-0.21202	-0.270391	-0.342199	-0.364503	-0.376194	-0.451963	-0.567259	-0.698546	-0.843026

DOUBLING DOWN
hand	1	2	3	4	5	6	7	8	9	10
1	-0.136975
2	-0.157238	-0.942054
3	-0.17454	-0.93782	-0.871217
4	-0.140937	-0.870342	-0.542577	-0.108353
5	-0.189067	-0.567246	-0.132299	0.190459	0.46634
6	0.0141767	-0.14812	0.175697	0.475371	0.500525	-0.598513
7	0.240224	0.160008	0.444697	0.487454	-0.585151	-0.714109	-0.823012
8	0.325331	0.416638	0.472587	-0.563593	-0.706533	-0.734594	-0.666031	-0.747122
9	0.351279	0.455401	-0.578758	-0.60014	-0.727641	-0.744596	-0.74989	-0.897639	-1.1321
10	0.467593	-0.495828	-0.58299	-0.706808	-0.736265	-0.752387	-0.903925	-1.13452	-1.39709	-1.68605

APPROXIMATE SPLITTING
RS	No	No	No	Yes	Yes	Yes
DD	No	Any	10&11	No	Any	10&11
1,1	0.540711	0.540711	0.540711	0.627353	0.627353	0.627353
2,2	-0.0544636	0.00475233	0.00475233	-0.0513666	0.0138496	0.0138496
3,3	-0.115327	-0.0572503	-0.0572503	-0.10903	-0.045046	-0.045046
4,4	-0.222838	-0.158732	-0.158732	-0.254921	-0.1843	-0.1843
5,5	-0.298829	-0.244667	-0.244667	-0.353675	-0.313114	-0.313114
6,6	-0.269899	-0.20137	-0.20137	-0.267866	-0.192762	-0.192762
7,7	-0.122529	-0.0657473	-0.0657473	-0.110264	-0.0511729	-0.0511729
8,8	0.202329	0.250712	0.250712	0.251445	0.303531	0.303531
9,9	0.340574	0.362756	0.362756	0.335137	0.358763	0.358763
10,10	0.482229	0.482229	0.482229	0.25818	0.25818	0.25818

Dealer Up Card 8
Number of Decks: 1
Dealer stands soft 17

STANDING
hand	1	2	3	4	5	6	7	8	9	10
1	-0.4997
2	-0.507685	-0.514917
3	-0.505092	-0.512722	-0.51042
4	-0.514496	-0.522155	-0.519886	-0.529261
5	-0.514869	-0.522459	-0.520172	-0.530618	-0.530853
6	-0.385254	-0.524927	-0.523699	-0.533077	-0.533297	-0.535771
7	0.120931	-0.52834	-0.526077	-0.535471	-0.535706	-0.538333	-0.53934
8	0.60784	-0.534064	-0.531845	-0.541217	-0.541529	-0.542601	-0.545308	-0.551276
9	0.784814	-0.513558	-0.511343	-0.520792	-0.520326	-0.523099	-0.525806	-0.414899	0.0645179
10	1.5	-0.517357	-0.515179	-0.52385	-0.524234	-0.527007	-0.39424	0.0955297	0.576828	0.783251

HITTING
hand	1	2	3	4	5	6	7	8	9	10
1	0.093045
2	0.0391125	-0.141047
3	0.0350245	-0.180835	-0.23112
4	-0.0354836	-0.234151	-0.228382	-0.0548026
5	-0.0843029	-0.217784	-0.0569882	0.108081	0.2075
6	-0.0648959	-0.0559282	0.117522	0.207506	0.229714	-0.321707
7	0.0474999	0.107594	0.217139	0.221712	-0.320983	-0.394373	-0.407893
8	0.157747	0.207288	0.220266	-0.319226	-0.386852	-0.369092	-0.379554	-0.426315
9	0.171549	0.215256	-0.316143	-0.338911	-0.370139	-0.420733	-0.42779	-0.475296	-0.566265
10	0.221207	-0.274473	-0.328235	-0.35737	-0.417965	-0.424823	-0.473803	-0.565137	-0.697331	-0.842727

DOUBLING DOWN
hand	1	2	3	4	5	6	7	8	9	10
1	-0.295648
2	-0.312387	-1.02983
3	-0.254214	-1.02544	-0.99966
4	-0.314134	-1.02313	-0.848583	-0.447062
5	-0.33255	-0.85346	-0.428185	0.000738573	0.322885
6	-0.229744	-0.437135	0.0141986	0.317153	0.365672	-0.711353
7	-0.0153146	0.0073623	0.326863	0.340213	-0.711203	-0.842908	-0.857865
8	0.190197	0.294474	0.329975	-0.719326	-0.829134	-0.774545	-0.777379	-0.85263
9	0.229784	0.327731	-0.7037	-0.72411	-0.761928	-0.855589	-0.855581	-0.950593	-1.13253
10	0.332681	-0.625855	-0.70564	-0.739262	-0.844149	-0.849645	-0.947605	-1.13027	-1.39466	-1.68545

APPROXIMATE SPLITTING
RS	No	No	No	Yes	Yes	Yes
DD	No	Any	10&11	No	Any	10&11
1,1	0.406468	0.406468	0.406468	0.486021	0.486021	0.486021
2,2	-0.212598	-0.177104	-0.177104	-0.218755	-0.179468	-0.179468
3,3	-0.265388	-0.22605	-0.22605	-0.266106	-0.222497	-0.222497
4,4	-0.342754	-0.299949	-0.299949	-0.369752	-0.322523	-0.322523
5,5	-0.44823	-0.412012	-0.412012	-0.50989	-0.482043	-0.482043
6,6	-0.412582	-0.36771	-0.36771	-0.418568	-0.369117	-0.369117
7,7	-0.423471	-0.385238	-0.385238	-0.422229	-0.380424	-0.380424
8,8	-0.100087	-0.0735091	-0.0735091	-0.0869608	-0.05949	-0.05949
9,9	0.179367	0.195409	0.195409	0.190679	0.207818	0.207818
10,10	0.353853	0.353853	0.353853	0.0155145	0.0155145	0.0155145

Dealer Up Card 9
Number of Decks: 1
Dealer stands soft 17

STANDING
hand	1	2	3	4	5	6	7	8	9	10
1	-0.510996
2	-0.517198	-0.523455
3	-0.526764	-0.532954	-0.542453
4	-0.526348	-0.532529	-0.54201	-0.542638
5	-0.525482	-0.531595	-0.542147	-0.541653	-0.540668
6	-0.40707	-0.536503	-0.545956	-0.545472	-0.544508	-0.548502
7	-0.178832	-0.540546	-0.550044	-0.549545	-0.548658	-0.551096	-0.555391
8	0.287946	-0.52005	-0.529562	-0.52914	-0.527475	-0.531614	-0.535909	-0.516426
9	0.765635	-0.523864	-0.533417	-0.532217	-0.531402	-0.535541	-0.539836	-0.411646	-0.196372
10	1.5	-0.527482	-0.536257	-0.535908	-0.535093	-0.539231	-0.416111	-0.196136	0.264279	0.74397

HITTING
hand	1	2	3	4	5	6	7	8	9	10
1	-0.00273054
2	-0.0140616	-0.222489
3	-0.0599949	-0.26247	-0.309972
4	-0.113691	-0.304594	-0.304698	-0.206479
5	-0.166825	-0.284938	-0.218486	-0.0519806	0.118869
6	-0.134736	-0.208347	-0.0510817	0.117402	0.151713	-0.386242
7	-0.0869579	-0.0523837	0.117569	0.149504	-0.389559	-0.418484	-0.474654
8	0.00469252	0.120543	0.139171	-0.394885	-0.413421	-0.437187	-0.443182	-0.487124
9	0.0964178	0.142527	-0.392178	-0.365253	-0.425895	-0.479661	-0.482037	-0.531882	-0.594732
10	0.148864	-0.344351	-0.358832	-0.41352	-0.475256	-0.479306	-0.526459	-0.593227	-0.697795	-0.842055

DOUBLING DOWN
hand	1	2	3	4	5	6	7	8	9	10
1	-0.420608
2	-0.372682	-1.04691
3	-0.393525	-1.06591	-1.06529
4	-0.421784	-1.04531	-0.946164	-0.701087
5	-0.452038	-0.926277	-0.702933	-0.278961	0.174553
6	-0.345244	-0.691585	-0.289689	0.164633	0.239911	-0.817364
7	-0.254497	-0.274062	0.153705	0.224729	-0.826051	-0.86939	-0.978238
8	-0.0602075	0.174428	0.215208	-0.833734	-0.847602	-0.887881	-0.893558	-0.974248
9	0.110516	0.21384	-0.840364	-0.758677	-0.859833	-0.966804	-0.964075	-1.06376	-1.18946
10	0.216489	-0.745531	-0.752138	-0.839394	-0.951924	-0.958613	-1.05292	-1.18645	-1.39559	-1.68411

APPROXIMATE SPLITTING
RS	No	No	No	Yes	Yes	Yes
DD	No	Any	10&11	No	Any	10&11
1,1	0.28977	0.28977	0.28977	0.360379	0.360379	0.360379
2,2	-0.38338	-0.359454	-0.359454	-0.396999	-0.370322	-0.370322
3,3	-0.418153	-0.396141	-0.396141	-0.425882	-0.401418	-0.401418
4,4	-0.493182	-0.469024	-0.469024	-0.519034	-0.492215	-0.492215
5,5	-0.607597	-0.58476	-0.58476	-0.675277	-0.656457	-0.656457
6,6	-0.569709	-0.544299	-0.544299	-0.584339	-0.556191	-0.556191
7,7	-0.56384	-0.545047	-0.545047	-0.568695	-0.548011	-0.548011
8,8	-0.429934	-0.406325	-0.406325	-0.426578	-0.400682	-0.400682
9,9	-0.112424	-0.102933	-0.102933	-0.108684	-0.0989259	-0.0989259
10,10	0.183754	0.183754	0.183754	-0.254595	-0.254595	-0.254595

Dealer Up Card 10
Number of Decks: 1
Dealer stands soft 17
Results conditioned on dealer not having blackjack

STANDING
hand	1	2	3	4	5	6	7	8	9	10
1	-0.530674
2	-0.538705	-0.547137
3	-0.538043	-0.546375	-0.545672
4	-0.538314	-0.546578	-0.547042	-0.547191
5	-0.537311	-0.546774	-0.546016	-0.546165	-0.545139
6	-0.417782	-0.551019	-0.55031	-0.550442	-0.5495	-0.552167
7	-0.186187	-0.528701	-0.528008	-0.528224	-0.526434	-0.530953	-0.509739
8	0.0643131	-0.532853	-0.532205	-0.531574	-0.53071	-0.535229	-0.514015	-0.518291
9	0.554551	-0.536793	-0.535298	-0.535592	-0.534729	-0.539248	-0.518034	-0.390691	-0.133285
10	1.5	-0.539571	-0.539002	-0.539296	-0.538433	-0.542952	-0.412341	-0.155192	0.102517	0.583154

HITTING
hand	1	2	3	4	5	6	7	8	9	10
1	-0.0470329
2	-0.0889169	-0.275621
3	-0.12359	-0.307857	-0.343655
4	-0.170424	-0.345111	-0.334779	-0.241025
5	-0.223362	-0.322021	-0.250864	-0.138056	0.037781
6	-0.190991	-0.252153	-0.14166	0.033407	0.113267	-0.389097
7	-0.138734	-0.154112	0.0296093	0.109571	-0.384545	-0.451149	-0.514818
8	-0.0856109	0.0292911	0.109187	-0.385856	-0.446362	-0.466555	-0.474794	-0.511755
9	0.00655478	0.103847	-0.388543	-0.398702	-0.453066	-0.511965	-0.512009	-0.558165	-0.624465
10	0.104681	-0.346638	-0.393091	-0.445788	-0.501091	-0.506929	-0.556704	-0.622794	-0.710037	-0.836969

DOUBLING DOWN
hand	1	2	3	4	5	6	7	8	9	10
1	-0.468319
2	-0.478997	-1.09427
3	-0.479655	-1.09275	-1.07127
4	-0.496264	-1.07312	-0.955483	-0.738996
5	-0.536694	-0.955173	-0.738023	-0.438369	0.0180055
6	-0.432804	-0.745151	-0.444546	0.0112186	0.170737	-0.803852
7	-0.321341	-0.435521	0.0144839	0.17099	-0.790615	-0.90827	-1.03472
8	-0.224373	0.00594995	0.162257	-0.805908	-0.909614	-0.936341	-0.949587	-1.02351
9	-0.0520395	0.142776	-0.821117	-0.818901	-0.911135	-1.02393	-1.02402	-1.11633	-1.24893
10	0.139083	-0.739114	-0.811084	-0.899256	-1.00218	-1.01386	-1.11341	-1.24559	-1.42007	-1.67394

APPROXIMATE SPLITTING
RS	No	No	No	Yes	Yes	Yes
DD	No	Any	10&11	No	Any	10&11
1,1	0.194251	0.194251	0.194251	0.259507	0.259507	0.259507
2,2	-0.459601	-0.451895	-0.451895	-0.475263	-0.466672	-0.466672
3,3	-0.504229	-0.494165	-0.494165	-0.516897	-0.505746	-0.505746
4,4	-0.570489	-0.559246	-0.559246	-0.599463	-0.587062	-0.587062
5,5	-0.671747	-0.660597	-0.660597	-0.736698	-0.724328	-0.724328
6,6	-0.655152	-0.644208	-0.644208	-0.67698	-0.664823	-0.664823
7,7	-0.625405	-0.612578	-0.612578	-0.636451	-0.622207	-0.622207
8,8	-0.462307	-0.452319	-0.452319	-0.458503	-0.447517	-0.447517
9,9	-0.265721	-0.260551	-0.260551	-0.277961	-0.272508	-0.272508
10,10	0.0600557	0.0600557	0.0600557	-0.315944	-0.315944	-0.315944
